 periode -> 0
0
0.013155
0.944531
1.38562
0.702892
0.02631
-0
-0.013155
0.944531
-1.38562
0.702892
-0.02631
0
-0
 ---------- 
 periode -> 0
0
0.0142867
0.944531
1.38562
0.702892
0.02631
-0
-0.0135511
0.944531
-1.38562
0.702892
-0.02631
-0
-0
 ---------- 
 periode -> 0
0
0.0174861
0.944531
1.38562
0.702892
0.02631
-0
-0.0146709
0.944531
-1.38562
0.702892
-0.02631
-0
-0
 ---------- 
 periode -> 0
0
0.0222
0.944531
1.38562
0.702892
0.02631
-0
-0.0163207
0.944531
-1.38562
0.702892
-0.02631
-0
-0
 ---------- 
 periode -> 0
0
0.0276133
0.944531
1.38562
0.702892
0.02631
-0
-0.0182154
0.944531
-1.38562
0.702892
-0.02631
-0
-0
 ---------- 
 periode -> 0
0
0.0327901
0.944531
1.38562
0.702892
0.02631
-0
-0.0200273
0.944531
-1.38562
0.702892
-0.02631
-0
-0
 ---------- 
 periode -> 0
0
0.0368352
0.944531
1.38562
0.702892
0.02631
-0
-0.021443
0.944531
-1.38562
0.702892
-0.02631
-0
-0
 ---------- 
 periode -> 0
0
0.0417884
0.963324
1.38337
0.68185
0.0317886
0
-0.0221946
1.17242
-1.83032
0.919702
-0.0262633
-0.260368
-0.260368
 ---------- 
 periode -> 0
0
0.0362939
0.952865
1.38445
0.693389
0.0207995
0
-0.0291302
1.18575
-1.82922
0.905266
-0.0401344
-0.260368
-0.260368
 ---------- 
 periode -> 0
0
0.0286808
0.934599
1.37416
0.701366
0.0100012
0
-0.0343999
1.17341
-1.78422
0.872617
-0.0522236
-0.248988
-0.248988
 ---------- 
 periode -> 0
0
0.0196351
0.910354
1.35403
0.705474
1.49013e-08
0
-0.037603
1.13781
-1.70107
0.825068
-0.0614615
-0.226727
-0.226727
 ---------- 
 periode -> 0
0
0.0101101
0.883025
1.32722
0.705995
-0.00869651
0
-0.038919
1.08518
-1.59069
0.767313
-0.0677171
-0.194557
-0.194557
 ---------- 
 periode -> 0
0
0.0011844
0.856178
1.29824
0.703866
-0.0157213
0
-0.0389242
1.02472
-1.46889
0.705968
-0.0715169
-0.153883
-0.153883
 ---------- 
 periode -> 0
0
-0.00609232
0.833536
1.27229
0.700552
-0.0208469
0
-0.0383129
0.967771
-1.35594
0.649968
-0.073594
-0.106484
-0.106484
 ---------- 
 periode -> 0
0
-0.0108457
0.818405
1.25429
0.697687
-0.0239548
0
-0.0376845
0.926547
-1.27463
0.609889
-0.0745769
-0.0544318
-0.0544318
 ---------- 
 periode -> 0
0
-0.0124975
0.813086
1.24785
0.696567
-0.024995
0
-0.0374303
0.911399
-1.24481
0.595209
-0.0748605
-1.71111e-07
-1.71111e-07
 ---------- 
 periode -> 0
0
-0.0116859
0.829455
1.27791
0.710254
-0.0241641
0
-0.0380982
0.914632
-1.25099
0.598161
-0.0739331
0.0544315
0.0544315
 ---------- 
 periode -> 0
0
-0.00926722
0.87452
1.35977
0.747051
-0.0215662
0
-0.0399047
0.923577
-1.26836
0.606589
-0.0711471
0.106484
0.106484
 ---------- 
 periode -> 0
0
-0.0052893
0.93847
1.4733
0.796631
-0.0169101
0
-0.0422969
0.936153
-1.29368
0.619332
-0.0665038
0.153883
0.153883
 ---------- 
 periode -> 0
0
0.000154965
1.00992
1.59534
0.847215
-0.00981092
0
-0.0444808
0.949415
-1.32243
0.634816
-0.0600448
0.194556
0.194556
 ---------- 
 periode -> 0
0
0.00687227
1.07841
1.70531
0.888704
-3.94251e-08
0
-0.0455861
0.960147
-1.34973
0.651381
-0.0519019
0.226727
0.226727
 ---------- 
 periode -> 0
0
0.0144575
1.13498
1.78724
0.914053
0.0123389
0
-0.0448512
0.965467
-1.37116
0.667494
-0.042342
0.248988
0.248988
 ---------- 
 periode -> 0
0
0.0221946
1.17242
1.83032
0.919702
0.0262632
0
-0.0417884
0.963324
-1.38337
0.68185
-0.0317886
0.260368
0.260368
 ---------- 
 periode -> 0
0
0.0291301
1.18575
1.82922
0.905266
0.0401344
0
-0.0362939
0.952865
-1.38445
0.693389
-0.0207996
0.260368
0.260368
 ---------- 
 periode -> 0
0
0.0343998
1.17341
1.78422
0.872617
0.0522236
0
-0.0286808
0.934599
-1.37416
0.701366
-0.0100013
0.248988
0.248988
 ---------- 
 periode -> 0
0
0.037603
1.13781
1.70107
0.825069
0.0614615
0
-0.0196352
0.910354
-1.35403
0.705474
-5.77125e-08
0.226727
0.226727
 ---------- 
 periode -> 0
0
0.038919
1.08518
1.59069
0.767313
0.0677171
0
-0.0101102
0.883025
-1.32722
0.705995
0.00869649
0.194557
0.194557
 ---------- 
 periode -> 0
0
0.0389242
1.02472
1.46889
0.705969
0.0715169
0
-0.00118443
0.856178
-1.29824
0.703866
0.0157213
0.153883
0.153883
 ---------- 
 periode -> 0
0
0.0383129
0.967771
1.35594
0.649968
0.073594
0
0.0060923
0.833536
-1.27229
0.700552
0.0208469
0.106485
0.106485
 ---------- 
 periode -> 1
0
0.0376845
0.926547
1.27463
0.609889
0.0745769
0
0.0108457
0.818405
-1.25429
0.697687
0.0239548
0.054432
0.054432
 ---------- 
 periode -> 1
0
0.0374303
0.911399
1.24481
0.595209
0.0748605
0
0.0124975
0.813086
-1.24785
0.696567
0.024995
-4.80922e-17
-4.80922e-17
 ---------- 
 periode -> 1
0
0.0380983
0.914632
1.25099
0.598161
0.0739331
0
0.0116859
0.829455
-1.27791
0.710254
0.0241641
-0.0544316
-0.0544316
 ---------- 
 periode -> 1
0
0.0399047
0.923577
1.26836
0.606589
0.0711471
0
0.00926721
0.87452
-1.35977
0.747051
0.0215662
-0.106484
-0.106484
 ---------- 
 periode -> 1
0
0.0422969
0.936153
1.29368
0.619332
0.0665037
0
0.00528929
0.93847
-1.4733
0.796632
0.0169101
-0.153883
-0.153883
 ---------- 
 periode -> 1
0
0.0444808
0.949415
1.32243
0.634816
0.0600448
0
-0.000154984
1.00992
-1.59534
0.847215
0.00981089
-0.194557
-0.194557
 ---------- 
 periode -> 1
0
0.0455861
0.960147
1.34973
0.651381
0.0519019
0
-0.00687227
1.07841
-1.70531
0.888704
4.21472e-08
-0.226727
-0.226727
 ---------- 
 periode -> 1
0
0.0448512
0.965467
1.37116
0.667495
0.042342
0
-0.0144575
1.13498
-1.78724
0.914053
-0.0123389
-0.248988
-0.248988
 ---------- 
 periode -> 1
0
0.0417884
0.963324
1.38337
0.68185
0.0317886
0
-0.0221946
1.17242
-1.83032
0.919702
-0.0262633
-0.260368
-0.260368
 ---------- 
 periode -> 1
0
0.0362939
0.952865
1.38445
0.693389
0.0207995
0
-0.0291302
1.18575
-1.82922
0.905266
-0.0401344
-0.260368
-0.260368
 ---------- 
 periode -> 1
0
0.0286808
0.934599
1.37416
0.701366
0.0100012
0
-0.0343999
1.17341
-1.78422
0.872617
-0.0522236
-0.248988
-0.248988
 ---------- 
 periode -> 1
0
0.0196351
0.910354
1.35403
0.705474
1.49013e-08
0
-0.037603
1.13781
-1.70107
0.825068
-0.0614615
-0.226727
-0.226727
 ---------- 
 periode -> 1
0
0.0101101
0.883025
1.32722
0.705995
-0.00869651
0
-0.038919
1.08518
-1.59069
0.767313
-0.0677171
-0.194557
-0.194557
 ---------- 
 periode -> 1
0
0.0011844
0.856178
1.29824
0.703866
-0.0157213
0
-0.0389242
1.02472
-1.46889
0.705968
-0.0715169
-0.153883
-0.153883
 ---------- 
 periode -> 1
0
-0.00609232
0.833536
1.27229
0.700552
-0.0208469
0
-0.0383129
0.967771
-1.35594
0.649968
-0.073594
-0.106484
-0.106484
 ---------- 
 periode -> 1
0
-0.0108457
0.818405
1.25429
0.697687
-0.0239548
0
-0.0376845
0.926547
-1.27463
0.609889
-0.0745769
-0.0544318
-0.0544318
 ---------- 
 periode -> 1
0
-0.0124975
0.813086
1.24785
0.696567
-0.024995
0
-0.0374303
0.911399
-1.24481
0.595209
-0.0748605
-1.71111e-07
-1.71111e-07
 ---------- 
 periode -> 1
0
-0.0116859
0.829455
1.27791
0.710254
-0.0241641
0
-0.0380982
0.914632
-1.25099
0.598161
-0.0739331
0.0544315
0.0544315
 ---------- 
 periode -> 1
0
-0.00926722
0.87452
1.35977
0.747051
-0.0215662
0
-0.0399047
0.923577
-1.26836
0.606589
-0.0711471
0.106484
0.106484
 ---------- 
 periode -> 1
0
-0.0052893
0.93847
1.4733
0.796631
-0.0169101
0
-0.0422969
0.936153
-1.29368
0.619332
-0.0665038
0.153883
0.153883
 ---------- 
 periode -> 1
0
0.000154965
1.00992
1.59534
0.847215
-0.00981092
0
-0.0444808
0.949415
-1.32243
0.634816
-0.0600448
0.194556
0.194556
 ---------- 
 periode -> 1
0
0.00687227
1.07841
1.70531
0.888704
-3.94251e-08
0
-0.0455861
0.960147
-1.34973
0.651381
-0.0519019
0.226727
0.226727
 ---------- 
 periode -> 1
0
0.0144575
1.13498
1.78724
0.914053
0.0123389
0
-0.0448512
0.965467
-1.37116
0.667494
-0.042342
0.248988
0.248988
 ---------- 
 periode -> 1
0
0.0221946
1.17242
1.83032
0.919702
0.0262632
0
-0.0417884
0.963324
-1.38337
0.68185
-0.0317886
0.260368
0.260368
 ---------- 
 periode -> 1
0
0.0291301
1.18575
1.82922
0.905266
0.0401344
0
-0.0362939
0.952865
-1.38445
0.693389
-0.0207996
0.260368
0.260368
 ---------- 
 periode -> 1
0
0.0343998
1.17341
1.78422
0.872617
0.0522236
0
-0.0286808
0.934599
-1.37416
0.701366
-0.0100013
0.248988
0.248988
 ---------- 
 periode -> 1
0
0.037603
1.13781
1.70107
0.825069
0.0614615
0
-0.0196352
0.910354
-1.35403
0.705474
-5.77125e-08
0.226727
0.226727
 ---------- 
 periode -> 1
0
0.038919
1.08518
1.59069
0.767313
0.0677171
0
-0.0101102
0.883025
-1.32722
0.705995
0.00869649
0.194557
0.194557
 ---------- 
 periode -> 1
0
0.0389242
1.02472
1.46889
0.705969
0.0715169
0
-0.00118443
0.856178
-1.29824
0.703866
0.0157213
0.153883
0.153883
 ---------- 
 periode -> 1
0
0.0383129
0.967771
1.35594
0.649968
0.073594
0
0.0060923
0.833536
-1.27229
0.700552
0.0208469
0.106485
0.106485
 ---------- 
 periode -> 2
0
0.0376845
0.926547
1.27463
0.609889
0.0745769
0
0.0108457
0.818405
-1.25429
0.697687
0.0239548
0.054432
0.054432
 ---------- 
 periode -> 2
0
0.0374303
0.911399
1.24481
0.595209
0.0748605
0
0.0124975
0.813086
-1.24785
0.696567
0.024995
-4.80922e-17
-4.80922e-17
 ---------- 
 periode -> 2
0
0.0380983
0.914632
1.25099
0.598161
0.0739331
0
0.0116859
0.829455
-1.27791
0.710254
0.0241641
-0.0544316
-0.0544316
 ---------- 
 periode -> 2
0
0.0399047
0.923577
1.26836
0.606589
0.0711471
0
0.00926721
0.87452
-1.35977
0.747051
0.0215662
-0.106484
-0.106484
 ---------- 
 periode -> 2
0
0.0422969
0.936153
1.29368
0.619332
0.0665037
0
0.00528929
0.93847
-1.4733
0.796632
0.0169101
-0.153883
-0.153883
 ---------- 
 periode -> 2
0
0.0444808
0.949415
1.32243
0.634816
0.0600448
0
-0.000154984
1.00992
-1.59534
0.847215
0.00981089
-0.194557
-0.194557
 ---------- 
 periode -> 2
0
0.0455861
0.960147
1.34973
0.651381
0.0519019
0
-0.00687227
1.07841
-1.70531
0.888704
4.21472e-08
-0.226727
-0.226727
 ---------- 
 periode -> 2
0
0.0448512
0.965467
1.37116
0.667495
0.042342
0
-0.0144575
1.13498
-1.78724
0.914053
-0.0123389
-0.248988
-0.248988
 ---------- 
 periode -> 2
0
0.0417884
0.963324
1.38337
0.68185
0.0317886
0
-0.0221946
1.17242
-1.83032
0.919702
-0.0262633
-0.260368
-0.260368
 ---------- 
 periode -> 2
0
0.0362939
0.952865
1.38445
0.693389
0.0207995
0
-0.0291302
1.18575
-1.82922
0.905266
-0.0401344
-0.260368
-0.260368
 ---------- 
 periode -> 2
0
0.0286808
0.934599
1.37416
0.701366
0.0100012
0
-0.0343999
1.17341
-1.78422
0.872617
-0.0522236
-0.248988
-0.248988
 ---------- 
 periode -> 2
0
0.0196351
0.910354
1.35403
0.705474
1.49013e-08
0
-0.037603
1.13781
-1.70107
0.825068
-0.0614615
-0.226727
-0.226727
 ---------- 
 periode -> 2
0
0.0101101
0.883025
1.32722
0.705995
-0.00869651
0
-0.038919
1.08518
-1.59069
0.767313
-0.0677171
-0.194557
-0.194557
 ---------- 
 periode -> 2
0
0.0011844
0.856178
1.29824
0.703866
-0.0157213
0
-0.0389242
1.02472
-1.46889
0.705968
-0.0715169
-0.153883
-0.153883
 ---------- 
 periode -> 2
0
-0.00609232
0.833536
1.27229
0.700552
-0.0208469
0
-0.0383129
0.967771
-1.35594
0.649968
-0.073594
-0.106484
-0.106484
 ---------- 
 periode -> 2
0
-0.0108457
0.818405
1.25429
0.697687
-0.0239548
0
-0.0376845
0.926547
-1.27463
0.609889
-0.0745769
-0.0544318
-0.0544318
 ---------- 
 periode -> 2
0
-0.0124975
0.813086
1.24785
0.696567
-0.024995
0
-0.0374303
0.911399
-1.24481
0.595209
-0.0748605
-1.71111e-07
-1.71111e-07
 ---------- 
 periode -> 2
0
-0.0116859
0.829455
1.27791
0.710254
-0.0241641
0
-0.0380982
0.914632
-1.25099
0.598161
-0.0739331
0.0544315
0.0544315
 ---------- 
 periode -> 2
0
-0.00926722
0.87452
1.35977
0.747051
-0.0215662
0
-0.0399047
0.923577
-1.26836
0.606589
-0.0711471
0.106484
0.106484
 ---------- 
 periode -> 2
0
-0.0052893
0.93847
1.4733
0.796631
-0.0169101
0
-0.0422969
0.936153
-1.29368
0.619332
-0.0665038
0.153883
0.153883
 ---------- 
 periode -> 2
0
0.000154965
1.00992
1.59534
0.847215
-0.00981092
0
-0.0444808
0.949415
-1.32243
0.634816
-0.0600448
0.194556
0.194556
 ---------- 
 periode -> 2
0
0.00687227
1.07841
1.70531
0.888704
-3.94251e-08
0
-0.0455861
0.960147
-1.34973
0.651381
-0.0519019
0.226727
0.226727
 ---------- 
 periode -> 2
0
0.0144575
1.13498
1.78724
0.914053
0.0123389
0
-0.0448512
0.965467
-1.37116
0.667494
-0.042342
0.248988
0.248988
 ---------- 
 periode -> 2
0
0.0221946
1.17242
1.83032
0.919702
0.0262632
0
-0.0417884
0.963324
-1.38337
0.68185
-0.0317886
0.260368
0.260368
 ---------- 
 periode -> 2
0
0.0291301
1.18575
1.82922
0.905266
0.0401344
0
-0.0362939
0.952865
-1.38445
0.693389
-0.0207996
0.260368
0.260368
 ---------- 
 periode -> 2
0
0.0343998
1.17341
1.78422
0.872617
0.0522236
0
-0.0286808
0.934599
-1.37416
0.701366
-0.0100013
0.248988
0.248988
 ---------- 
 periode -> 2
0
0.037603
1.13781
1.70107
0.825069
0.0614615
0
-0.0196352
0.910354
-1.35403
0.705474
-5.77125e-08
0.226727
0.226727
 ---------- 
 periode -> 2
0
0.038919
1.08518
1.59069
0.767313
0.0677171
0
-0.0101102
0.883025
-1.32722
0.705995
0.00869649
0.194557
0.194557
 ---------- 
 periode -> 2
0
0.0389242
1.02472
1.46889
0.705969
0.0715169
0
-0.00118443
0.856178
-1.29824
0.703866
0.0157213
0.153883
0.153883
 ---------- 
 periode -> 2
0
0.0383129
0.967771
1.35594
0.649968
0.073594
0
0.0060923
0.833536
-1.27229
0.700552
0.0208469
0.106485
0.106485
 ---------- 
 periode -> 3
0
0.0376845
0.926547
1.27463
0.609889
0.0745769
0
0.0108457
0.818405
-1.25429
0.697687
0.0239548
0.054432
0.054432
 ---------- 
 periode -> 3
0
0.0374303
0.911399
1.24481
0.595209
0.0748605
0
0.0124975
0.813086
-1.24785
0.696567
0.024995
-4.80922e-17
-4.80922e-17
 ---------- 
 periode -> 3
0
0.0380983
0.914632
1.25099
0.598161
0.0739331
0
0.0116859
0.829455
-1.27791
0.710254
0.0241641
-0.0544316
-0.0544316
 ---------- 
 periode -> 3
0
0.0399047
0.923577
1.26836
0.606589
0.0711471
0
0.00926721
0.87452
-1.35977
0.747051
0.0215662
-0.106484
-0.106484
 ---------- 
 periode -> 3
0
0.0422969
0.936153
1.29368
0.619332
0.0665037
0
0.00528929
0.93847
-1.4733
0.796632
0.0169101
-0.153883
-0.153883
 ---------- 
 periode -> 3
0
0.0444808
0.949415
1.32243
0.634816
0.0600448
0
-0.000154984
1.00992
-1.59534
0.847215
0.00981089
-0.194557
-0.194557
 ---------- 
 periode -> 3
0
0.0455861
0.960147
1.34973
0.651381
0.0519019
0
-0.00687227
1.07841
-1.70531
0.888704
4.21472e-08
-0.226727
-0.226727
 ---------- 
 periode -> 3
0
0.0448512
0.965467
1.37116
0.667495
0.042342
0
-0.0144575
1.13498
-1.78724
0.914053
-0.0123389
-0.248988
-0.248988
 ---------- 
 periode -> 3
0
0.0417884
0.963324
1.38337
0.68185
0.0317886
0
-0.0221946
1.17242
-1.83032
0.919702
-0.0262633
-0.260368
-0.260368
 ---------- 
 periode -> 3
0
0.0362939
0.952865
1.38445
0.693389
0.0207995
0
-0.0291302
1.18575
-1.82922
0.905266
-0.0401344
-0.260368
-0.260368
 ---------- 
 periode -> 3
0
0.0286808
0.934599
1.37416
0.701366
0.0100012
0
-0.0343999
1.17341
-1.78422
0.872617
-0.0522236
-0.248988
-0.248988
 ---------- 
 periode -> 3
0
0.0196351
0.910354
1.35403
0.705474
1.49013e-08
0
-0.037603
1.13781
-1.70107
0.825068
-0.0614615
-0.226727
-0.226727
 ---------- 
 periode -> 3
0
0.0101101
0.883025
1.32722
0.705995
-0.00869651
0
-0.038919
1.08518
-1.59069
0.767313
-0.0677171
-0.194557
-0.194557
 ---------- 
 periode -> 3
0
0.0011844
0.856178
1.29824
0.703866
-0.0157213
0
-0.0389242
1.02472
-1.46889
0.705968
-0.0715169
-0.153883
-0.153883
 ---------- 
 periode -> 3
0
-0.00609232
0.833536
1.27229
0.700552
-0.0208469
0
-0.0383129
0.967771
-1.35594
0.649968
-0.073594
-0.106484
-0.106484
 ---------- 
 periode -> 3
0
-0.0108457
0.818405
1.25429
0.697687
-0.0239548
0
-0.0376845
0.926547
-1.27463
0.609889
-0.0745769
-0.0544318
-0.0544318
 ---------- 
 periode -> 3
0
-0.0124975
0.813086
1.24785
0.696567
-0.024995
0
-0.0374303
0.911399
-1.24481
0.595209
-0.0748605
-1.71111e-07
-1.71111e-07
 ---------- 
 periode -> 3
0
-0.0116859
0.829455
1.27791
0.710254
-0.0241641
0
-0.0380982
0.914632
-1.25099
0.598161
-0.0739331
0.0544315
0.0544315
 ---------- 
 periode -> 3
0
-0.00926722
0.87452
1.35977
0.747051
-0.0215662
0
-0.0399047
0.923577
-1.26836
0.606589
-0.0711471
0.106484
0.106484
 ---------- 
 periode -> 3
0
-0.0052893
0.93847
1.4733
0.796631
-0.0169101
0
-0.0422969
0.936153
-1.29368
0.619332
-0.0665038
0.153883
0.153883
 ---------- 
 periode -> 3
0
0.000154965
1.00992
1.59534
0.847215
-0.00981092
0
-0.0444808
0.949415
-1.32243
0.634816
-0.0600448
0.194556
0.194556
 ---------- 
 periode -> 3
0
0.00687227
1.07841
1.70531
0.888704
-3.94251e-08
0
-0.0455861
0.960147
-1.34973
0.651381
-0.0519019
0.226727
0.226727
 ---------- 
 periode -> 3
0
0.0144575
1.13498
1.78724
0.914053
0.0123389
0
-0.0448512
0.965467
-1.37116
0.667494
-0.042342
0.248988
0.248988
 ---------- 
 periode -> 3
0
0.0221946
1.17242
1.83032
0.919702
0.0262632
0
-0.0417884
0.963324
-1.38337
0.68185
-0.0317886
0.260368
0.260368
 ---------- 
 periode -> 3
0
0.0291301
1.18575
1.82922
0.905266
0.0401344
0
-0.0362939
0.952865
-1.38445
0.693389
-0.0207996
0.260368
0.260368
 ---------- 
 periode -> 3
0
0.0343998
1.17341
1.78422
0.872617
0.0522236
0
-0.0286808
0.934599
-1.37416
0.701366
-0.0100013
0.248988
0.248988
 ---------- 
 periode -> 3
0
0.037603
1.13781
1.70107
0.825069
0.0614615
0
-0.0196352
0.910354
-1.35403
0.705474
-5.77125e-08
0.226727
0.226727
 ---------- 
 periode -> 3
0
0.038919
1.08518
1.59069
0.767313
0.0677171
0
-0.0101102
0.883025
-1.32722
0.705995
0.00869649
0.194557
0.194557
 ---------- 
 periode -> 3
0
0.0389242
1.02472
1.46889
0.705969
0.0715169
0
-0.00118443
0.856178
-1.29824
0.703866
0.0157213
0.153883
0.153883
 ---------- 
 periode -> 3
0
0.0383129
0.967771
1.35594
0.649968
0.073594
0
0.0060923
0.833536
-1.27229
0.700552
0.0208469
0.106485
0.106485
 ---------- 
 periode -> 4
0
0.0376845
0.926547
1.27463
0.609889
0.0745769
0
0.0108457
0.818405
-1.25429
0.697687
0.0239548
0.054432
0.054432
 ---------- 
 periode -> 4
0
0.0374303
0.911399
1.24481
0.595209
0.0748605
0
0.0124975
0.813086
-1.24785
0.696567
0.024995
-4.80922e-17
-4.80922e-17
 ---------- 
 periode -> 4
0
0.0380983
0.914632
1.25099
0.598161
0.0739331
0
0.0116859
0.829455
-1.27791
0.710254
0.0241641
-0.0544316
-0.0544316
 ---------- 
 periode -> 4
0
0.0399047
0.923577
1.26836
0.606589
0.0711471
0
0.00926721
0.87452
-1.35977
0.747051
0.0215662
-0.106484
-0.106484
 ---------- 
 periode -> 4
0
0.0422969
0.936153
1.29368
0.619332
0.0665037
0
0.00528929
0.93847
-1.4733
0.796632
0.0169101
-0.153883
-0.153883
 ---------- 
 periode -> 4
0
0.0444808
0.949415
1.32243
0.634816
0.0600448
0
-0.000154984
1.00992
-1.59534
0.847215
0.00981089
-0.194557
-0.194557
 ---------- 
 periode -> 4
0
0.0455861
0.960147
1.34973
0.651381
0.0519019
0
-0.00687227
1.07841
-1.70531
0.888704
4.21472e-08
-0.226727
-0.226727
 ---------- 
 periode -> 4
0
0.0448512
0.965467
1.37116
0.667495
0.042342
0
-0.0144575
1.13498
-1.78724
0.914053
-0.0123389
-0.248988
-0.248988
 ---------- 
 periode -> 4
0
0.0417884
0.963324
1.38337
0.68185
0.0317886
0
-0.0221946
1.17242
-1.83032
0.919702
-0.0262633
-0.260368
-0.260368
 ---------- 
 periode -> 4
0
0.0362939
0.952865
1.38445
0.693389
0.0207995
0
-0.0291302
1.18575
-1.82922
0.905266
-0.0401344
-0.260368
-0.260368
 ---------- 
 periode -> 4
0
0.0286808
0.934599
1.37416
0.701366
0.0100012
0
-0.0343999
1.17341
-1.78422
0.872617
-0.0522236
-0.248988
-0.248988
 ---------- 
 periode -> 4
0
0.0196351
0.910354
1.35403
0.705474
1.49013e-08
0
-0.037603
1.13781
-1.70107
0.825068
-0.0614615
-0.226727
-0.226727
 ---------- 
 periode -> 4
0
0.0101101
0.883025
1.32722
0.705995
-0.00869651
0
-0.038919
1.08518
-1.59069
0.767313
-0.0677171
-0.194557
-0.194557
 ---------- 
 periode -> 4
0
0.0011844
0.856178
1.29824
0.703866
-0.0157213
0
-0.0389242
1.02472
-1.46889
0.705968
-0.0715169
-0.153883
-0.153883
 ---------- 
 periode -> 4
0
-0.00609232
0.833536
1.27229
0.700552
-0.0208469
0
-0.0383129
0.967771
-1.35594
0.649968
-0.073594
-0.106484
-0.106484
 ---------- 
 periode -> 4
0
-0.0108457
0.818405
1.25429
0.697687
-0.0239548
0
-0.0376845
0.926547
-1.27463
0.609889
-0.0745769
-0.0544318
-0.0544318
 ---------- 
 periode -> 4
0
-0.0124975
0.813086
1.24785
0.696567
-0.024995
0
-0.0374303
0.911399
-1.24481
0.595209
-0.0748605
-1.71111e-07
-1.71111e-07
 ---------- 
 periode -> 4
0
-0.0116859
0.829455
1.27791
0.710254
-0.0241641
0
-0.0380982
0.914632
-1.25099
0.598161
-0.0739331
0.0544315
0.0544315
 ---------- 
 periode -> 4
0
-0.00926722
0.87452
1.35977
0.747051
-0.0215662
0
-0.0399047
0.923577
-1.26836
0.606589
-0.0711471
0.106484
0.106484
 ---------- 
 periode -> 4
0
-0.0052893
0.93847
1.4733
0.796631
-0.0169101
0
-0.0422969
0.936153
-1.29368
0.619332
-0.0665038
0.153883
0.153883
 ---------- 
 periode -> 4
0
0.000154965
1.00992
1.59534
0.847215
-0.00981092
0
-0.0444808
0.949415
-1.32243
0.634816
-0.0600448
0.194556
0.194556
 ---------- 
 periode -> 4
0
0.00687227
1.07841
1.70531
0.888704
-3.94251e-08
0
-0.0455861
0.960147
-1.34973
0.651381
-0.0519019
0.226727
0.226727
 ---------- 
 periode -> 4
0
0.0144575
1.13498
1.78724
0.914053
0.0123389
0
-0.0448512
0.965467
-1.37116
0.667494
-0.042342
0.248988
0.248988
 ---------- 
 periode -> 4
0
0.0221946
1.17242
1.83032
0.919702
0.0262632
0
-0.0417884
0.963324
-1.38337
0.68185
-0.0317886
0.260368
0.260368
 ---------- 
 periode -> 4
0
0.0291301
1.18575
1.82922
0.905266
0.0401344
0
-0.0362939
0.952865
-1.38445
0.693389
-0.0207996
0.260368
0.260368
 ---------- 
 periode -> 4
0
0.0343998
1.17341
1.78422
0.872617
0.0522236
0
-0.0286808
0.934599
-1.37416
0.701366
-0.0100013
0.248988
0.248988
 ---------- 
 periode -> 4
0
0.037603
1.13781
1.70107
0.825069
0.0614615
0
-0.0196352
0.910354
-1.35403
0.705474
-5.77125e-08
0.226727
0.226727
 ---------- 
 periode -> 4
0
0.038919
1.08518
1.59069
0.767313
0.0677171
0
-0.0101102
0.883025
-1.32722
0.705995
0.00869649
0.194557
0.194557
 ---------- 
 periode -> 4
0
0.0389242
1.02472
1.46889
0.705969
0.0715169
0
-0.00118443
0.856178
-1.29824
0.703866
0.0157213
0.153883
0.153883
 ---------- 
 periode -> 4
0
0.0383129
0.967771
1.35594
0.649968
0.073594
0
0.0060923
0.833536
-1.27229
0.700552
0.0208469
0.106485
0.106485
 ---------- 
 periode -> 5
0
0.0376845
0.926547
1.27463
0.609889
0.0745769
0
0.0108457
0.818405
-1.25429
0.697687
0.0239548
0.054432
0.054432
 ---------- 
 periode -> 5
0
0.0374303
0.911399
1.24481
0.595209
0.0748605
0
0.0124975
0.813086
-1.24785
0.696567
0.024995
-4.80922e-17
-4.80922e-17
 ---------- 
 periode -> 5
0
0.0380983
0.914632
1.25099
0.598161
0.0739331
0
0.0116859
0.829455
-1.27791
0.710254
0.0241641
-0.0544316
-0.0544316
 ---------- 
 periode -> 5
0
0.0399047
0.923577
1.26836
0.606589
0.0711471
0
0.00926721
0.87452
-1.35977
0.747051
0.0215662
-0.106484
-0.106484
 ---------- 
 periode -> 5
0
0.0422969
0.936153
1.29368
0.619332
0.0665037
0
0.00528929
0.93847
-1.4733
0.796632
0.0169101
-0.153883
-0.153883
 ---------- 
 periode -> 5
0
0.0444808
0.949415
1.32243
0.634816
0.0600448
0
-0.000154984
1.00992
-1.59534
0.847215
0.00981089
-0.194557
-0.194557
 ---------- 
 periode -> 5
0
0.0455861
0.960147
1.34973
0.651381
0.0519019
0
-0.00687227
1.07841
-1.70531
0.888704
4.21472e-08
-0.226727
-0.226727
 ---------- 
 periode -> 5
0
0.0448512
0.965467
1.37116
0.667495
0.042342
0
-0.0144575
1.13498
-1.78724
0.914053
-0.0123389
-0.248988
-0.248988
 ---------- 
 periode -> 5
0
0.0417884
0.963324
1.38337
0.68185
0.0317886
0
-0.0221946
1.17242
-1.83032
0.919702
-0.0262633
-0.260368
-0.260368
 ---------- 
 periode -> 5
0
0.0362939
0.952865
1.38445
0.693389
0.0207995
0
-0.0291302
1.18575
-1.82922
0.905266
-0.0401344
-0.260368
-0.260368
 ---------- 
 periode -> 5
0
0.0286808
0.934599
1.37416
0.701366
0.0100012
0
-0.0343999
1.17341
-1.78422
0.872617
-0.0522236
-0.248988
-0.248988
 ---------- 
 periode -> 5
0
0.0196351
0.910354
1.35403
0.705474
1.49013e-08
0
-0.037603
1.13781
-1.70107
0.825068
-0.0614615
-0.226727
-0.226727
 ---------- 
 periode -> 5
0
0.0101101
0.883025
1.32722
0.705995
-0.00869651
0
-0.038919
1.08518
-1.59069
0.767313
-0.0677171
-0.194557
-0.194557
 ---------- 
 periode -> 5
0
0.0011844
0.856178
1.29824
0.703866
-0.0157213
0
-0.0389242
1.02472
-1.46889
0.705968
-0.0715169
-0.153883
-0.153883
 ---------- 
 periode -> 5
0
-0.00609232
0.833536
1.27229
0.700552
-0.0208469
0
-0.0383129
0.967771
-1.35594
0.649968
-0.073594
-0.106484
-0.106484
 ---------- 
 periode -> 5
0
-0.0108457
0.818405
1.25429
0.697687
-0.0239548
0
-0.0376845
0.926547
-1.27463
0.609889
-0.0745769
-0.0544318
-0.0544318
 ---------- 
 periode -> 5
0
-0.0124975
0.813086
1.24785
0.696567
-0.024995
0
-0.0374303
0.911399
-1.24481
0.595209
-0.0748605
-1.71111e-07
-1.71111e-07
 ---------- 
 periode -> 5
0
-0.0116859
0.829455
1.27791
0.710254
-0.0241641
0
-0.0380982
0.914632
-1.25099
0.598161
-0.0739331
0.0544315
0.0544315
 ---------- 
 periode -> 5
0
-0.00926722
0.87452
1.35977
0.747051
-0.0215662
0
-0.0399047
0.923577
-1.26836
0.606589
-0.0711471
0.106484
0.106484
 ---------- 
 periode -> 5
0
-0.0052893
0.93847
1.4733
0.796631
-0.0169101
0
-0.0422969
0.936153
-1.29368
0.619332
-0.0665038
0.153883
0.153883
 ---------- 
 periode -> 5
0
0.000154965
1.00992
1.59534
0.847215
-0.00981092
0
-0.0444808
0.949415
-1.32243
0.634816
-0.0600448
0.194556
0.194556
 ---------- 
 periode -> 5
0
0.00687227
1.07841
1.70531
0.888704
-3.94251e-08
0
-0.0455861
0.960147
-1.34973
0.651381
-0.0519019
0.226727
0.226727
 ---------- 
 periode -> 5
0
0.0144575
1.13498
1.78724
0.914053
0.0123389
0
-0.0448512
0.965467
-1.37116
0.667494
-0.042342
0.248988
0.248988
 ---------- 
 periode -> 5
0
0.0221946
1.17242
1.83032
0.919702
0.0262632
0
-0.0417884
0.963324
-1.38337
0.68185
-0.0317886
0.260368
0.260368
 ---------- 
 periode -> 5
0
0.0291301
1.18575
1.82922
0.905266
0.0401344
0
-0.0362939
0.952865
-1.38445
0.693389
-0.0207996
0.260368
0.260368
 ---------- 
 periode -> 5
0
0.0343998
1.17341
1.78422
0.872617
0.0522236
0
-0.0286808
0.934599
-1.37416
0.701366
-0.0100013
0.248988
0.248988
 ---------- 
 periode -> 5
0
0.037603
1.13781
1.70107
0.825069
0.0614615
0
-0.0196352
0.910354
-1.35403
0.705474
-5.77125e-08
0.226727
0.226727
 ---------- 
 periode -> 5
0
0.038919
1.08518
1.59069
0.767313
0.0677171
0
-0.0101102
0.883025
-1.32722
0.705995
0.00869649
0.194557
0.194557
 ---------- 
 periode -> 5
0
0.0389242
1.02472
1.46889
0.705969
0.0715169
0
-0.00118443
0.856178
-1.29824
0.703866
0.0157213
0.153883
0.153883
 ---------- 
 periode -> 5
0
0.0383129
0.967771
1.35594
0.649968
0.073594
0
0.0060923
0.833536
-1.27229
0.700552
0.0208469
0.106485
0.106485
 ---------- 
 periode -> 6
0
0.0376845
0.926547
1.27463
0.609889
0.0745769
0
0.0108457
0.818405
-1.25429
0.697687
0.0239548
0.054432
0.054432
 ---------- 
 periode -> 6
0
0.0374303
0.911399
1.24481
0.595209
0.0748605
0
0.0124975
0.813086
-1.24785
0.696567
0.024995
-4.80922e-17
-4.80922e-17
 ---------- 
 periode -> 6
0
0.0380983
0.914632
1.25099
0.598161
0.0739331
0
0.0116859
0.829455
-1.27791
0.710254
0.0241641
-0.0544316
-0.0544316
 ---------- 
 periode -> 6
0
0.0399047
0.923577
1.26836
0.606589
0.0711471
0
0.00926721
0.87452
-1.35977
0.747051
0.0215662
-0.106484
-0.106484
 ---------- 
 periode -> 6
0
0.0422969
0.936153
1.29368
0.619332
0.0665037
0
0.00528929
0.93847
-1.4733
0.796632
0.0169101
-0.153883
-0.153883
 ---------- 
 periode -> 6
0
0.0444808
0.949415
1.32243
0.634816
0.0600448
0
-0.000154984
1.00992
-1.59534
0.847215
0.00981089
-0.194557
-0.194557
 ---------- 
 periode -> 6
0
0.0455861
0.960147
1.34973
0.651381
0.0519019
0
-0.00687227
1.07841
-1.70531
0.888704
4.21472e-08
-0.226727
-0.226727
 ---------- 
 periode -> 6
0
0.0448512
0.965467
1.37116
0.667495
0.042342
0
-0.0144575
1.13498
-1.78724
0.914053
-0.0123389
-0.248988
-0.248988
 ---------- 
 periode -> 6
0
0.0417884
0.963324
1.38337
0.68185
0.0317886
0
-0.0221946
1.17242
-1.83032
0.919702
-0.0262633
-0.260368
-0.260368
 ---------- 
 periode -> 6
0
0.0362939
0.952865
1.38445
0.693389
0.0207995
0
-0.0291302
1.18575
-1.82922
0.905266
-0.0401344
-0.260368
-0.260368
 ---------- 
 periode -> 6
0
0.0286808
0.934599
1.37416
0.701366
0.0100012
0
-0.0343999
1.17341
-1.78422
0.872617
-0.0522236
-0.248988
-0.248988
 ---------- 
 periode -> 6
0
0.0196351
0.910354
1.35403
0.705474
1.49013e-08
0
-0.037603
1.13781
-1.70107
0.825068
-0.0614615
-0.226727
-0.226727
 ---------- 
 periode -> 6
0
0.0101101
0.883025
1.32722
0.705995
-0.00869651
0
-0.038919
1.08518
-1.59069
0.767313
-0.0677171
-0.194557
-0.194557
 ---------- 
 periode -> 6
0
0.0011844
0.856178
1.29824
0.703866
-0.0157213
0
-0.0389242
1.02472
-1.46889
0.705968
-0.0715169
-0.153883
-0.153883
 ---------- 
 periode -> 6
0
-0.00609232
0.833536
1.27229
0.700552
-0.0208469
0
-0.0383129
0.967771
-1.35594
0.649968
-0.073594
-0.106484
-0.106484
 ---------- 
 periode -> 6
0
-0.0108457
0.818405
1.25429
0.697687
-0.0239548
0
-0.0376845
0.926547
-1.27463
0.609889
-0.0745769
-0.0544318
-0.0544318
 ---------- 
 periode -> 6
0
-0.0124975
0.813086
1.24785
0.696567
-0.024995
0
-0.0374303
0.911399
-1.24481
0.595209
-0.0748605
-1.71111e-07
-1.71111e-07
 ---------- 
 periode -> 6
0
-0.0116859
0.829455
1.27791
0.710254
-0.0241641
0
-0.0380982
0.914632
-1.25099
0.598161
-0.0739331
0.0544315
0.0544315
 ---------- 
 periode -> 6
0
-0.00926722
0.87452
1.35977
0.747051
-0.0215662
0
-0.0399047
0.923577
-1.26836
0.606589
-0.0711471
0.106484
0.106484
 ---------- 
 periode -> 6
0
-0.0052893
0.93847
1.4733
0.796631
-0.0169101
0
-0.0422969
0.936153
-1.29368
0.619332
-0.0665038
0.153883
0.153883
 ---------- 
 periode -> 6
0
0.000154965
1.00992
1.59534
0.847215
-0.00981092
0
-0.0444808
0.949415
-1.32243
0.634816
-0.0600448
0.194556
0.194556
 ---------- 
 periode -> 6
0
0.00687227
1.07841
1.70531
0.888704
-3.94251e-08
0
-0.0455861
0.960147
-1.34973
0.651381
-0.0519019
0.226727
0.226727
 ---------- 
 periode -> 6
0
0.0144575
1.13498
1.78724
0.914053
0.0123389
0
-0.0448512
0.965467
-1.37116
0.667494
-0.042342
0.248988
0.248988
 ---------- 
 periode -> 6
0
0.0221946
1.17242
1.83032
0.919702
0.0262632
0
-0.0417884
0.963324
-1.38337
0.68185
-0.0317886
0.260368
0.260368
 ---------- 
 periode -> 6
0
0.0291301
1.18575
1.82922
0.905266
0.0401344
0
-0.0362939
0.952865
-1.38445
0.693389
-0.0207996
0.260368
0.260368
 ---------- 
 periode -> 6
0
0.0343998
1.17341
1.78422
0.872617
0.0522236
0
-0.0286808
0.934599
-1.37416
0.701366
-0.0100013
0.248988
0.248988
 ---------- 
 periode -> 6
0
0.037603
1.13781
1.70107
0.825069
0.0614615
0
-0.0196352
0.910354
-1.35403
0.705474
-5.77125e-08
0.226727
0.226727
 ---------- 
 periode -> 6
0
0.038919
1.08518
1.59069
0.767313
0.0677171
0
-0.0101102
0.883025
-1.32722
0.705995
0.00869649
0.194557
0.194557
 ---------- 
 periode -> 6
0
0.0389242
1.02472
1.46889
0.705969
0.0715169
0
-0.00118443
0.856178
-1.29824
0.703866
0.0157213
0.153883
0.153883
 ---------- 
 periode -> 6
0
0.0383129
0.967771
1.35594
0.649968
0.073594
0
0.0060923
0.833536
-1.27229
0.700552
0.0208469
0.106485
0.106485
 ---------- 
 periode -> 7
0
0.0376845
0.926547
1.27463
0.609889
0.0745769
0
0.0108457
0.818405
-1.25429
0.697687
0.0239548
0.054432
0.054432
 ---------- 
 periode -> 7
0
0.0374303
0.911399
1.24481
0.595209
0.0748605
0
0.0124975
0.813086
-1.24785
0.696567
0.024995
-4.80922e-17
-4.80922e-17
 ---------- 
 periode -> 7
0
0.0380983
0.914632
1.25099
0.598161
0.0739331
0
0.0116859
0.829455
-1.27791
0.710254
0.0241641
-0.0544316
-0.0544316
 ---------- 
 periode -> 7
0
0.0399047
0.923577
1.26836
0.606589
0.0711471
0
0.00926721
0.87452
-1.35977
0.747051
0.0215662
-0.106484
-0.106484
 ---------- 
 periode -> 7
0
0.0422969
0.936153
1.29368
0.619332
0.0665037
0
0.00528929
0.93847
-1.4733
0.796632
0.0169101
-0.153883
-0.153883
 ---------- 
 periode -> 7
0
0.0444808
0.949415
1.32243
0.634816
0.0600448
0
-0.000154984
1.00992
-1.59534
0.847215
0.00981089
-0.194557
-0.194557
 ---------- 
 periode -> 7
0
0.0455861
0.960147
1.34973
0.651381
0.0519019
0
-0.00687227
1.07841
-1.70531
0.888704
4.21472e-08
-0.226727
-0.226727
 ---------- 
 periode -> 7
0
0.0448512
0.965467
1.37116
0.667495
0.042342
0
-0.0144575
1.13498
-1.78724
0.914053
-0.0123389
-0.248988
-0.248988
 ---------- 
 periode -> 7
0
0.0417884
0.963324
1.38337
0.68185
0.0317886
0
-0.0221946
1.17242
-1.83032
0.919702
-0.0262633
-0.260368
-0.260368
 ---------- 
 periode -> 7
0
0.0362939
0.952865
1.38445
0.693389
0.0207995
0
-0.0291302
1.18575
-1.82922
0.905266
-0.0401344
-0.260368
-0.260368
 ---------- 
 periode -> 7
0
0.0286808
0.934599
1.37416
0.701366
0.0100012
0
-0.0343999
1.17341
-1.78422
0.872617
-0.0522236
-0.248988
-0.248988
 ---------- 
 periode -> 7
0
0.0196351
0.910354
1.35403
0.705474
1.49013e-08
0
-0.037603
1.13781
-1.70107
0.825068
-0.0614615
-0.226727
-0.226727
 ---------- 
 periode -> 7
0
0.0101101
0.883025
1.32722
0.705995
-0.00869651
0
-0.038919
1.08518
-1.59069
0.767313
-0.0677171
-0.194557
-0.194557
 ---------- 
 periode -> 7
0
0.0011844
0.856178
1.29824
0.703866
-0.0157213
0
-0.0389242
1.02472
-1.46889
0.705968
-0.0715169
-0.153883
-0.153883
 ---------- 
 periode -> 7
0
-0.00609232
0.833536
1.27229
0.700552
-0.0208469
0
-0.0383129
0.967771
-1.35594
0.649968
-0.073594
-0.106484
-0.106484
 ---------- 
 periode -> 7
0
-0.0108457
0.818405
1.25429
0.697687
-0.0239548
0
-0.0376845
0.926547
-1.27463
0.609889
-0.0745769
-0.0544318
-0.0544318
 ---------- 
 periode -> 7
0
-0.0124975
0.813086
1.24785
0.696567
-0.024995
0
-0.0374303
0.911399
-1.24481
0.595209
-0.0748605
-1.71111e-07
-1.71111e-07
 ---------- 
 periode -> 7
0
-0.0116859
0.829455
1.27791
0.710254
-0.0241641
0
-0.0380982
0.914632
-1.25099
0.598161
-0.0739331
0.0544315
0.0544315
 ---------- 
 periode -> 7
0
-0.00926722
0.87452
1.35977
0.747051
-0.0215662
0
-0.0399047
0.923577
-1.26836
0.606589
-0.0711471
0.106484
0.106484
 ---------- 
 periode -> 7
0
-0.0052893
0.93847
1.4733
0.796631
-0.0169101
0
-0.0422969
0.936153
-1.29368
0.619332
-0.0665038
0.153883
0.153883
 ---------- 
 periode -> 7
0
0.000154965
1.00992
1.59534
0.847215
-0.00981092
0
-0.0444808
0.949415
-1.32243
0.634816
-0.0600448
0.194556
0.194556
 ---------- 
 periode -> 7
0
0.00687227
1.07841
1.70531
0.888704
-3.94251e-08
0
-0.0455861
0.960147
-1.34973
0.651381
-0.0519019
0.226727
0.226727
 ---------- 
 periode -> 7
0
0.0144575
1.13498
1.78724
0.914053
0.0123389
0
-0.0448512
0.965467
-1.37116
0.667494
-0.042342
0.248988
0.248988
 ---------- 
 periode -> 7
0
0.0221946
1.17242
1.83032
0.919702
0.0262632
0
-0.0417884
0.963324
-1.38337
0.68185
-0.0317886
0.260368
0.260368
 ---------- 
 periode -> 7
0
0.0291301
1.18575
1.82922
0.905266
0.0401344
0
-0.0362939
0.952865
-1.38445
0.693389
-0.0207996
0.260368
0.260368
 ---------- 
 periode -> 7
0
0.0343998
1.17341
1.78422
0.872617
0.0522236
0
-0.0286808
0.934599
-1.37416
0.701366
-0.0100013
0.248988
0.248988
 ---------- 
 periode -> 7
0
0.037603
1.13781
1.70107
0.825069
0.0614615
0
-0.0196352
0.910354
-1.35403
0.705474
-5.77125e-08
0.226727
0.226727
 ---------- 
 periode -> 7
0
0.038919
1.08518
1.59069
0.767313
0.0677171
0
-0.0101102
0.883025
-1.32722
0.705995
0.00869649
0.194557
0.194557
 ---------- 
 periode -> 7
0
0.0389242
1.02472
1.46889
0.705969
0.0715169
0
-0.00118443
0.856178
-1.29824
0.703866
0.0157213
0.153883
0.153883
 ---------- 
 periode -> 7
0
0.0383129
0.967771
1.35594
0.649968
0.073594
0
0.0060923
0.833536
-1.27229
0.700552
0.0208469
0.106485
0.106485
 ---------- 
 periode -> 8
0
0.0376845
0.926547
1.27463
0.609889
0.0745769
0
0.0108457
0.818405
-1.25429
0.697687
0.0239548
0.054432
0.054432
 ---------- 
 periode -> 8
0
0.0374303
0.911399
1.24481
0.595209
0.0748605
0
0.0124975
0.813086
-1.24785
0.696567
0.024995
-4.80922e-17
-4.80922e-17
 ---------- 
 periode -> 8
0
0.0380983
0.914632
1.25099
0.598161
0.0739331
0
0.0116859
0.829455
-1.27791
0.710254
0.0241641
-0.0544316
-0.0544316
 ---------- 
 periode -> 8
0
0.0399047
0.923577
1.26836
0.606589
0.0711471
0
0.00926721
0.87452
-1.35977
0.747051
0.0215662
-0.106484
-0.106484
 ---------- 
 periode -> 8
0
0.0422969
0.936153
1.29368
0.619332
0.0665037
0
0.00528929
0.93847
-1.4733
0.796632
0.0169101
-0.153883
-0.153883
 ---------- 
 periode -> 8
0
0.0444808
0.949415
1.32243
0.634816
0.0600448
0
-0.000154984
1.00992
-1.59534
0.847215
0.00981089
-0.194557
-0.194557
 ---------- 
 periode -> 8
0
0.0455861
0.960147
1.34973
0.651381
0.0519019
0
-0.00687227
1.07841
-1.70531
0.888704
4.21472e-08
-0.226727
-0.226727
 ---------- 
 periode -> 8
0
0.0448512
0.965467
1.37116
0.667495
0.042342
0
-0.0144575
1.13498
-1.78724
0.914053
-0.0123389
-0.248988
-0.248988
 ---------- 
 periode -> 8
0
0.0417884
0.963324
1.38337
0.68185
0.0317886
0
-0.0221946
1.17242
-1.83032
0.919702
-0.0262633
-0.260368
-0.260368
 ---------- 
 periode -> 8
0
0.0362939
0.952865
1.38445
0.693389
0.0207995
0
-0.0291302
1.18575
-1.82922
0.905266
-0.0401344
-0.260368
-0.260368
 ---------- 
 periode -> 8
0
0.0286808
0.934599
1.37416
0.701366
0.0100012
0
-0.0343999
1.17341
-1.78422
0.872617
-0.0522236
-0.248988
-0.248988
 ---------- 
 periode -> 8
0
0.0196351
0.910354
1.35403
0.705474
1.49013e-08
0
-0.037603
1.13781
-1.70107
0.825068
-0.0614615
-0.226727
-0.226727
 ---------- 
 periode -> 8
0
0.0101101
0.883025
1.32722
0.705995
-0.00869651
0
-0.038919
1.08518
-1.59069
0.767313
-0.0677171
-0.194557
-0.194557
 ---------- 
 periode -> 8
0
0.0011844
0.856178
1.29824
0.703866
-0.0157213
0
-0.0389242
1.02472
-1.46889
0.705968
-0.0715169
-0.153883
-0.153883
 ---------- 
 periode -> 8
0
-0.00609232
0.833536
1.27229
0.700552
-0.0208469
0
-0.0383129
0.967771
-1.35594
0.649968
-0.073594
-0.106484
-0.106484
 ---------- 
 periode -> 8
0
-0.0108457
0.818405
1.25429
0.697687
-0.0239548
0
-0.0376845
0.926547
-1.27463
0.609889
-0.0745769
-0.0544318
-0.0544318
 ---------- 
 periode -> 8
0
-0.0124975
0.813086
1.24785
0.696567
-0.024995
0
-0.0374303
0.911399
-1.24481
0.595209
-0.0748605
-1.71111e-07
-1.71111e-07
 ---------- 
 periode -> 8
0
-0.0116859
0.829455
1.27791
0.710254
-0.0241641
0
-0.0380982
0.914632
-1.25099
0.598161
-0.0739331
0.0544315
0.0544315
 ---------- 
 periode -> 8
0
-0.00926722
0.87452
1.35977
0.747051
-0.0215662
0
-0.0399047
0.923577
-1.26836
0.606589
-0.0711471
0.106484
0.106484
 ---------- 
 periode -> 8
0
-0.0052893
0.93847
1.4733
0.796631
-0.0169101
0
-0.0422969
0.936153
-1.29368
0.619332
-0.0665038
0.153883
0.153883
 ---------- 
 periode -> 8
0
0.000154965
1.00992
1.59534
0.847215
-0.00981092
0
-0.0444808
0.949415
-1.32243
0.634816
-0.0600448
0.194556
0.194556
 ---------- 
 periode -> 8
0
0.00687227
1.07841
1.70531
0.888704
-3.94251e-08
0
-0.0455861
0.960147
-1.34973
0.651381
-0.0519019
0.226727
0.226727
 ---------- 
 periode -> 8
0
0.0144575
1.13498
1.78724
0.914053
0.0123389
0
-0.0448512
0.965467
-1.37116
0.667494
-0.042342
0.248988
0.248988
 ---------- 
 periode -> 8
0
0.0221946
1.17242
1.83032
0.919702
0.0262632
0
-0.0417884
0.963324
-1.38337
0.68185
-0.0317886
0.260368
0.260368
 ---------- 
 periode -> 8
0
0.0291301
1.18575
1.82922
0.905266
0.0401344
0
-0.0362939
0.952865
-1.38445
0.693389
-0.0207996
0.260368
0.260368
 ---------- 
 periode -> 8
0
0.0343998
1.17341
1.78422
0.872617
0.0522236
0
-0.0286808
0.934599
-1.37416
0.701366
-0.0100013
0.248988
0.248988
 ---------- 
 periode -> 8
0
0.037603
1.13781
1.70107
0.825069
0.0614615
0
-0.0196352
0.910354
-1.35403
0.705474
-5.77125e-08
0.226727
0.226727
 ---------- 
 periode -> 8
0
0.038919
1.08518
1.59069
0.767313
0.0677171
0
-0.0101102
0.883025
-1.32722
0.705995
0.00869649
0.194557
0.194557
 ---------- 
 periode -> 8
0
0.0389242
1.02472
1.46889
0.705969
0.0715169
0
-0.00118443
0.856178
-1.29824
0.703866
0.0157213
0.153883
0.153883
 ---------- 
 periode -> 8
0
0.0383129
0.967771
1.35594
0.649968
0.073594
0
0.0060923
0.833536
-1.27229
0.700552
0.0208469
0.106485
0.106485
 ---------- 
 periode -> 9
0
0.0376845
0.926547
1.27463
0.609889
0.0745769
0
0.0108457
0.818405
-1.25429
0.697687
0.0239548
0.054432
0.054432
 ---------- 
 periode -> 9
0
0.0374303
0.911399
1.24481
0.595209
0.0748605
0
0.0124975
0.813086
-1.24785
0.696567
0.024995
-4.80922e-17
-4.80922e-17
 ---------- 
 periode -> 9
0
0.0380983
0.914632
1.25099
0.598161
0.0739331
0
0.0116859
0.829455
-1.27791
0.710254
0.0241641
-0.0544316
-0.0544316
 ---------- 
 periode -> 9
0
0.0399047
0.923577
1.26836
0.606589
0.0711471
0
0.00926721
0.87452
-1.35977
0.747051
0.0215662
-0.106484
-0.106484
 ---------- 
 periode -> 9
0
0.0422969
0.936153
1.29368
0.619332
0.0665037
0
0.00528929
0.93847
-1.4733
0.796632
0.0169101
-0.153883
-0.153883
 ---------- 
 periode -> 9
0
0.0444808
0.949415
1.32243
0.634816
0.0600448
0
-0.000154984
1.00992
-1.59534
0.847215
0.00981089
-0.194557
-0.194557
 ---------- 
 periode -> 9
0
0.0455861
0.960147
1.34973
0.651381
0.0519019
0
-0.00687227
1.07841
-1.70531
0.888704
4.21472e-08
-0.226727
-0.226727
 ---------- 
 periode -> 9
0
0.0448512
0.965467
1.37116
0.667495
0.042342
0
-0.0144575
1.13498
-1.78724
0.914053
-0.0123389
-0.248988
-0.248988
 ---------- 
 periode -> 9
0
0.0417884
0.963324
1.38337
0.68185
0.0317886
0
-0.0221946
1.17242
-1.83032
0.919702
-0.0262633
-0.260368
-0.260368
 ---------- 
 periode -> 9
0
0.0362939
0.952865
1.38445
0.693389
0.0207995
0
-0.0291302
1.18575
-1.82922
0.905266
-0.0401344
-0.260368
-0.260368
 ---------- 
 periode -> 9
0
0.0286808
0.934599
1.37416
0.701366
0.0100012
0
-0.0343999
1.17341
-1.78422
0.872617
-0.0522236
-0.248988
-0.248988
 ---------- 
 periode -> 9
0
0.0196351
0.910354
1.35403
0.705474
1.49013e-08
0
-0.037603
1.13781
-1.70107
0.825068
-0.0614615
-0.226727
-0.226727
 ---------- 
 periode -> 9
0
0.0101101
0.883025
1.32722
0.705995
-0.00869651
0
-0.038919
1.08518
-1.59069
0.767313
-0.0677171
-0.194557
-0.194557
 ---------- 
 periode -> 9
0
0.0011844
0.856178
1.29824
0.703866
-0.0157213
0
-0.0389242
1.02472
-1.46889
0.705968
-0.0715169
-0.153883
-0.153883
 ---------- 
 periode -> 9
0
-0.00609232
0.833536
1.27229
0.700552
-0.0208469
0
-0.0383129
0.967771
-1.35594
0.649968
-0.073594
-0.106484
-0.106484
 ---------- 
 periode -> 9
0
-0.0108457
0.818405
1.25429
0.697687
-0.0239548
0
-0.0376845
0.926547
-1.27463
0.609889
-0.0745769
-0.0544318
-0.0544318
 ---------- 
 periode -> 9
0
-0.0124975
0.813086
1.24785
0.696567
-0.024995
0
-0.0374303
0.911399
-1.24481
0.595209
-0.0748605
-1.71111e-07
-1.71111e-07
 ---------- 
 periode -> 9
0
-0.0116859
0.829455
1.27791
0.710254
-0.0241641
0
-0.0380982
0.914632
-1.25099
0.598161
-0.0739331
0.0544315
0.0544315
 ---------- 
 periode -> 9
0
-0.00926722
0.87452
1.35977
0.747051
-0.0215662
0
-0.0399047
0.923577
-1.26836
0.606589
-0.0711471
0.106484
0.106484
 ---------- 
 periode -> 9
0
-0.0052893
0.93847
1.4733
0.796631
-0.0169101
0
-0.0422969
0.936153
-1.29368
0.619332
-0.0665038
0.153883
0.153883
 ---------- 
 periode -> 9
0
0.000154965
1.00992
1.59534
0.847215
-0.00981092
0
-0.0444808
0.949415
-1.32243
0.634816
-0.0600448
0.194556
0.194556
 ---------- 
 periode -> 9
0
0.00687227
1.07841
1.70531
0.888704
-3.94251e-08
0
-0.0455861
0.960147
-1.34973
0.651381
-0.0519019
0.226727
0.226727
 ---------- 
 periode -> 9
0
0.0144575
1.13498
1.78724
0.914053
0.0123389
0
-0.0448512
0.965467
-1.37116
0.667494
-0.042342
0.248988
0.248988
 ---------- 
 periode -> 9
0
0.0221946
1.17242
1.83032
0.919702
0.0262632
0
-0.0417884
0.963324
-1.38337
0.68185
-0.0317886
0.260368
0.260368
 ---------- 
 periode -> 9
0
0.0291301
1.18575
1.82922
0.905266
0.0401344
0
-0.0362939
0.952865
-1.38445
0.693389
-0.0207996
0.260368
0.260368
 ---------- 
 periode -> 9
0
0.0343998
1.17341
1.78422
0.872617
0.0522236
0
-0.0286808
0.934599
-1.37416
0.701366
-0.0100013
0.248988
0.248988
 ---------- 
 periode -> 9
0
0.037603
1.13781
1.70107
0.825069
0.0614615
0
-0.0196352
0.910354
-1.35403
0.705474
-5.77125e-08
0.226727
0.226727
 ---------- 
 periode -> 9
0
0.038919
1.08518
1.59069
0.767313
0.0677171
0
-0.0101102
0.883025
-1.32722
0.705995
0.00869649
0.194557
0.194557
 ---------- 
 periode -> 9
0
0.0389242
1.02472
1.46889
0.705969
0.0715169
0
-0.00118443
0.856178
-1.29824
0.703866
0.0157213
0.153883
0.153883
 ---------- 
 periode -> 9
0
0.0383129
0.967771
1.35594
0.649968
0.073594
0
0.0060923
0.833536
-1.27229
0.700552
0.0208469
0.106485
0.106485
 ---------- 
 periode -> 10
0
0.0376845
0.926547
1.27463
0.609889
0.0745769
0
0.0108457
0.818405
-1.25429
0.697687
0.0239548
0.054432
0.054432
 ---------- 
 periode -> 10
0
0.0374303
0.911399
1.24481
0.595209
0.0748605
0
0.0124975
0.813086
-1.24785
0.696567
0.024995
-4.80922e-17
-4.80922e-17
 ---------- 
 periode -> 10
0
0.0380983
0.914632
1.25099
0.598161
0.0739331
0
0.0116859
0.829455
-1.27791
0.710254
0.0241641
-0.0544316
-0.0544316
 ---------- 
 periode -> 10
0
0.0399047
0.923577
1.26836
0.606589
0.0711471
0
0.00926721
0.87452
-1.35977
0.747051
0.0215662
-0.106484
-0.106484
 ---------- 
 periode -> 10
0
0.0422969
0.936153
1.29368
0.619332
0.0665037
0
0.00528929
0.93847
-1.4733
0.796632
0.0169101
-0.153883
-0.153883
 ---------- 
 periode -> 10
0
0.0444808
0.949415
1.32243
0.634816
0.0600448
0
-0.000154984
1.00992
-1.59534
0.847215
0.00981089
-0.194557
-0.194557
 ---------- 
 periode -> 10
0
0.0455861
0.960147
1.34973
0.651381
0.0519019
0
-0.00687227
1.07841
-1.70531
0.888704
4.21472e-08
-0.226727
-0.226727
 ---------- 
 periode -> 10
0
0.0448512
0.965467
1.37116
0.667495
0.042342
0
-0.0144575
1.13498
-1.78724
0.914053
-0.0123389
-0.248988
-0.248988
 ---------- 
 periode -> 10
0
0.0417884
0.963324
1.38337
0.68185
0.0317886
0
-0.0221946
1.17242
-1.83032
0.919702
-0.0262633
-0.260368
-0.260368
 ---------- 
 periode -> 10
0
0.0362939
0.952865
1.38445
0.693389
0.0207995
0
-0.0291302
1.18575
-1.82922
0.905266
-0.0401344
-0.260368
-0.260368
 ---------- 
 periode -> 10
0
0.0286808
0.934599
1.37416
0.701366
0.0100012
0
-0.0343999
1.17341
-1.78422
0.872617
-0.0522236
-0.248988
-0.248988
 ---------- 
 periode -> 10
0
0.0196351
0.910354
1.35403
0.705474
1.49013e-08
0
-0.037603
1.13781
-1.70107
0.825068
-0.0614615
-0.226727
-0.226727
 ---------- 
 periode -> 10
0
0.0101101
0.883025
1.32722
0.705995
-0.00869651
0
-0.038919
1.08518
-1.59069
0.767313
-0.0677171
-0.194557
-0.194557
 ---------- 
 periode -> 10
0
0.0011844
0.856178
1.29824
0.703866
-0.0157213
0
-0.0389242
1.02472
-1.46889
0.705968
-0.0715169
-0.153883
-0.153883
 ---------- 
 periode -> 10
0
-0.00609232
0.833536
1.27229
0.700552
-0.0208469
0
-0.0383129
0.967771
-1.35594
0.649968
-0.073594
-0.106484
-0.106484
 ---------- 
 periode -> 10
0
-0.0108457
0.818405
1.25429
0.697687
-0.0239548
0
-0.0376845
0.926547
-1.27463
0.609889
-0.0745769
-0.0544318
-0.0544318
 ---------- 
 periode -> 10
0
-0.0124975
0.813086
1.24785
0.696567
-0.024995
0
-0.0374303
0.911399
-1.24481
0.595209
-0.0748605
-1.71111e-07
-1.71111e-07
 ---------- 
 periode -> 10
0
-0.0116859
0.829455
1.27791
0.710254
-0.0241641
0
-0.0380982
0.914632
-1.25099
0.598161
-0.0739331
0.0544315
0.0544315
 ---------- 
 periode -> 10
0
-0.00926722
0.87452
1.35977
0.747051
-0.0215662
0
-0.0399047
0.923577
-1.26836
0.606589
-0.0711471
0.106484
0.106484
 ---------- 
 periode -> 10
0
-0.0052893
0.93847
1.4733
0.796631
-0.0169101
0
-0.0422969
0.936153
-1.29368
0.619332
-0.0665038
0.153883
0.153883
 ---------- 
 periode -> 10
0
0.000154965
1.00992
1.59534
0.847215
-0.00981092
0
-0.0444808
0.949415
-1.32243
0.634816
-0.0600448
0.194556
0.194556
 ---------- 
 periode -> 10
0
0.00687227
1.07841
1.70531
0.888704
-3.94251e-08
0
-0.0455861
0.960147
-1.34973
0.651381
-0.0519019
0.226727
0.226727
 ---------- 
 periode -> 10
0
0.0144575
1.13498
1.78724
0.914053
0.0123389
0
-0.0448512
0.965467
-1.37116
0.667494
-0.042342
0.248988
0.248988
 ---------- 
 periode -> 10
0
0.0221946
1.17242
1.83032
0.919702
0.0262632
0
-0.0417884
0.963324
-1.38337
0.68185
-0.0317886
0.260368
0.260368
 ---------- 
 periode -> 10
0
0.0291301
1.18575
1.82922
0.905266
0.0401344
0
-0.0362939
0.952865
-1.38445
0.693389
-0.0207996
0.260368
0.260368
 ---------- 
 periode -> 10
0
0.0343998
1.17341
1.78422
0.872617
0.0522236
0
-0.0286808
0.934599
-1.37416
0.701366
-0.0100013
0.248988
0.248988
 ---------- 
 periode -> 10
0
0.037603
1.13781
1.70107
0.825069
0.0614615
0
-0.0196352
0.910354
-1.35403
0.705474
-5.77125e-08
0.226727
0.226727
 ---------- 
 periode -> 10
0
0.038919
1.08518
1.59069
0.767313
0.0677171
0
-0.0101102
0.883025
-1.32722
0.705995
0.00869649
0.194557
0.194557
 ---------- 
 periode -> 10
0
0.0389242
1.02472
1.46889
0.705969
0.0715169
0
-0.00118443
0.856178
-1.29824
0.703866
0.0157213
0.153883
0.153883
 ---------- 
 periode -> 10
0
0.0383129
0.967771
1.35594
0.649968
0.073594
0
0.0060923
0.833536
-1.27229
0.700552
0.0208469
0.106485
0.106485
 ---------- 
 periode -> 11
0
0.0376845
0.926547
1.27463
0.609889
0.0745769
0
0.0108457
0.818405
-1.25429
0.697687
0.0239548
0.054432
0.054432
 ---------- 
 periode -> 11
0
0.0374303
0.911399
1.24481
0.595209
0.0748605
0
0.0124975
0.813086
-1.24785
0.696567
0.024995
-4.80922e-17
-4.80922e-17
 ---------- 
 periode -> 11
0
0.0380983
0.914632
1.25099
0.598161
0.0739331
0
0.0116859
0.829455
-1.27791
0.710254
0.0241641
-0.0544316
-0.0544316
 ---------- 
 periode -> 11
0
0.0399047
0.923577
1.26836
0.606589
0.0711471
0
0.00926721
0.87452
-1.35977
0.747051
0.0215662
-0.106484
-0.106484
 ---------- 
 periode -> 11
0
0.0422969
0.936153
1.29368
0.619332
0.0665037
0
0.00528929
0.93847
-1.4733
0.796632
0.0169101
-0.153883
-0.153883
 ---------- 
 periode -> 11
0
0.0444808
0.949415
1.32243
0.634816
0.0600448
0
-0.000154984
1.00992
-1.59534
0.847215
0.00981089
-0.194557
-0.194557
 ---------- 
 periode -> 11
0
0.0455861
0.960147
1.34973
0.651381
0.0519019
0
-0.00687227
1.07841
-1.70531
0.888704
4.21472e-08
-0.226727
-0.226727
 ---------- 
 periode -> 11
0
0.0448512
0.965467
1.37116
0.667495
0.042342
0
-0.0144575
1.13498
-1.78724
0.914053
-0.0123389
-0.248988
-0.248988
 ---------- 
 periode -> 11
0
0.0417884
0.943663
1.38385
0.701988
0.0317886
0
-0.0221946
1.16122
-1.83041
0.930998
-0.0262633
0
-0
 ---------- 
 periode -> 11
0
0.0362939
0.944005
1.38455
0.702344
0.0207995
0
-0.0291302
1.16087
-1.8297
0.930632
-0.0401344
0
-0
 ---------- 
 periode -> 11
0
0.0286808
0.93893
1.37419
0.697058
0.0100012
0
-0.0343999
1.13932
-1.78518
0.907666
-0.0522236
0
-0
 ---------- 
 periode -> 11
0
0.0196351
0.929266
1.35446
0.686996
1.49013e-08
0
-0.037603
1.09916
-1.70243
0.865073
-0.0614615
0
-0
 ---------- 
 periode -> 11
0
0.0101101
0.916592
1.3286
0.673811
-0.00869651
0
-0.038919
1.04554
-1.59229
0.808555
-0.0677171
0
-0
 ---------- 
 periode -> 11
0
0.0011844
0.903045
1.30097
0.659728
-0.0157213
0
-0.0389242
0.986122
-1.47061
0.746291
-0.0715169
0
-0
 ---------- 
 periode -> 11
0
-0.00609232
0.891013
1.27644
0.647229
-0.0208469
0
-0.0383129
0.930857
-1.35771
0.688652
-0.073594
0
-0
 ---------- 
 periode -> 11
0
-0.0108457
0.88272
1.25954
0.63862
-0.0239548
0
-0.0376845
0.891004
-1.27642
0.64722
-0.0745769
0
-0
 ---------- 
 periode -> 11
0
-0.0124975
0.879762
1.25351
0.63555
-0.024995
0
-0.0374303
0.876371
-1.2466
0.632032
-0.0748605
0
-0
 ---------- 
 periode -> 11
0
-0.0124975
0.879762
1.25351
0.63555
-0.024995
0
-0.0374303
0.876371
-1.2466
0.632032
-0.0748605
0
-0
 ---------- 
 periode -> 11
0
-0.0124975
0.879762
1.25351
0.63555
-0.024995
0
-0.0374303
0.876371
-1.2466
0.632032
-0.0748605
0
-0
 ---------- 
 periode -> 11
0
-0.0124975
0.879762
1.25351
0.63555
-0.024995
0
-0.0374303
0.876371
-1.2466
0.632032
-0.0748605
0
-0
 ---------- 
 periode -> 11
0
-0.0124975
0.879762
1.25351
0.63555
-0.024995
0
-0.0374303
0.876371
-1.2466
0.632032
-0.0748605
0
-0
 ---------- 
 periode -> 11
0
-0.0124975
0.879762
1.25351
0.63555
-0.024995
0
-0.0374303
0.876371
-1.2466
0.632032
-0.0748605
0
-0
 ---------- 
 periode -> 11
0
-0.0124975
0.879762
1.25351
0.63555
-0.024995
0
-0.0374303
0.876371
-1.2466
0.632032
-0.0748605
0
-0
 ---------- 
 periode -> 11
0
-0.0124975
0.879762
1.25351
0.63555
-0.024995
0
-0.0374303
0.876371
-1.2466
0.632032
-0.0748605
0
-0
 ---------- 
 periode -> 11
0
-0.0124975
0.879762
1.25351
0.63555
-0.024995
0
-0.0374303
0.876371
-1.2466
0.632032
-0.0748605
0
-0
 ---------- 
 periode -> 11
0
-0.0124975
0.879762
1.25351
0.63555
-0.024995
0
-0.0374303
0.876371
-1.2466
0.632032
-0.0748605
0
-0
 ---------- 
 periode -> 11
0
-0.0124975
0.879762
1.25351
0.63555
-0.024995
0
-0.0374303
0.876371
-1.2466
0.632032
-0.0748605
0
-0
 ---------- 
 periode -> 11
0
-0.0124975
0.879762
1.25351
0.63555
-0.024995
0
-0.0374303
0.876371
-1.2466
0.632032
-0.0748605
0
-0
 ---------- 
 periode -> 11
0
-0.0124975
0.879762
1.25351
0.63555
-0.024995
0
-0.0374303
0.876371
-1.2466
0.632032
-0.0748605
0
-0
 ---------- 
 periode -> 11
0
-0.0124975
0.879762
1.25351
0.63555
-0.024995
0
-0.0374303
0.876371
-1.2466
0.632032
-0.0748605
0
-0
 ---------- 
 periode -> 11
0
-0.0124975
0.879762
1.25351
0.63555
-0.024995
0
-0.0374303
0.876371
-1.2466
0.632032
-0.0748605
0
-0
 ---------- 
 periode -> 11
0
-0.0124975
0.879762
1.25351
0.63555
-0.024995
0
-0.0374303
0.876371
-1.2466
0.632032
-0.0748605
0
-0
 ---------- 
 periode -> 11
0
-0.0124975
0.879762
1.25351
0.63555
-0.024995
0
-0.0374303
0.876371
-1.2466
0.632032
-0.0748605
0
-0
 ---------- 
 periode -> 11
0
-0.0124975
0.879762
1.25351
0.63555
-0.024995
0
-0.0374303
0.876371
-1.2466
0.632032
-0.0748605
0
-0
 ---------- 
 periode -> 11
0
-0.0124975
0.879762
1.25351
0.63555
-0.024995
0
-0.0374303
0.876371
-1.2466
0.632032
-0.0748605
0
-0
 ---------- 
 periode -> 11
0
-0.0124975
0.879762
1.25351
0.63555
-0.024995
0
-0.0374303
0.876371
-1.2466
0.632032
-0.0748605
0
-0
 ---------- 
 periode -> 11
0
-0.0124975
0.879762
1.25351
0.63555
-0.024995
0
-0.0374303
0.876371
-1.2466
0.632032
-0.0748605
0
-0
 ---------- 
 periode -> 11
0
-0.0124975
0.879762
1.25351
0.63555
-0.024995
0
-0.0374303
0.876371
-1.2466
0.632032
-0.0748605
0
-0
 ---------- 
 periode -> 11
0
-0.0124975
0.879762
1.25351
0.63555
-0.024995
0
-0.0374303
0.876371
-1.2466
0.632032
-0.0748605
0
-0
 ---------- 
 periode -> 11
0
-0.0124975
0.879762
1.25351
0.63555
-0.024995
0
-0.0374303
0.876371
-1.2466
0.632032
-0.0748605
0
-0
 ---------- 
 periode -> 11
0
-0.0124975
0.879762
1.25351
0.63555
-0.024995
0
-0.0374303
0.876371
-1.2466
0.632032
-0.0748605
0
-0
 ---------- 
 periode -> 11
0
-0.0124975
0.879762
1.25351
0.63555
-0.024995
0
-0.0374303
0.876371
-1.2466
0.632032
-0.0748605
0
-0
 ---------- 
 periode -> 11
0
-0.0124975
0.879762
1.25351
0.63555
-0.024995
0
-0.0374303
0.876371
-1.2466
0.632032
-0.0748605
0
-0
 ---------- 
 periode -> 11
0
-0.0124975
0.879762
1.25351
0.63555
-0.024995
0
-0.0374303
0.876371
-1.2466
0.632032
-0.0748605
0
-0
 ---------- 
 periode -> 11
0
-0.0124975
0.879762
1.25351
0.63555
-0.024995
0
-0.0374303
0.876371
-1.2466
0.632032
-0.0748605
0
-0
 ---------- 
 periode -> 11
0
-0.0124975
0.879762
1.25351
0.63555
-0.024995
0
-0.0374303
0.876371
-1.2466
0.632032
-0.0748605
0
-0
 ---------- 
 periode -> 11
0
-0.0124975
0.879762
1.25351
0.63555
-0.024995
0
-0.0374303
0.876371
-1.2466
0.632032
-0.0748605
0
-0
 ---------- 
 periode -> 11
0
-0.0124975
0.879762
1.25351
0.63555
-0.024995
0
-0.0374303
0.876371
-1.2466
0.632032
-0.0748605
0
-0
 ---------- 
 periode -> 11
0
-0.0124975
0.879762
1.25351
0.63555
-0.024995
0
-0.0374303
0.876371
-1.2466
0.632032
-0.0748605
0
-0
 ---------- 
 periode -> 11
0
-0.0124975
0.879762
1.25351
0.63555
-0.024995
0
-0.0374303
0.876371
-1.2466
0.632032
-0.0748605
0
-0
 ---------- 
 periode -> 11
0
-0.0124975
0.879762
1.25351
0.63555
-0.024995
0
-0.0374303
0.876371
-1.2466
0.632032
-0.0748605
0
-0
 ---------- 
 periode -> 11
0
-0.0124975
0.879762
1.25351
0.63555
-0.024995
0
-0.0374303
0.876371
-1.2466
0.632032
-0.0748605
0
-0
 ---------- 
 periode -> 11
0
-0.0124975
0.879762
1.25351
0.63555
-0.024995
0
-0.0374303
0.876371
-1.2466
0.632032
-0.0748605
0
-0
 ---------- 
 periode -> 11
0
-0.0124975
0.879762
1.25351
0.63555
-0.024995
0
-0.0374303
0.876371
-1.2466
0.632032
-0.0748605
0
-0
 ---------- 
 periode -> 11
0
-0.0124975
0.879762
1.25351
0.63555
-0.024995
0
-0.0374303
0.876371
-1.2466
0.632032
-0.0748605
0
-0
 ---------- 
 periode -> 11
0
-0.0124975
0.879762
1.25351
0.63555
-0.024995
0
-0.0374303
0.876371
-1.2466
0.632032
-0.0748605
0
-0
 ---------- 
 periode -> 11
0
-0.0124975
0.879762
1.25351
0.63555
-0.024995
0
-0.0374303
0.876371
-1.2466
0.632032
-0.0748605
0
-0
 ---------- 
 periode -> 11
0
-0.0124975
0.879762
1.25351
0.63555
-0.024995
0
-0.0374303
0.876371
-1.2466
0.632032
-0.0748605
0
-0
 ---------- 
 periode -> 11
0
-0.0124975
0.879762
1.25351
0.63555
-0.024995
0
-0.0374303
0.876371
-1.2466
0.632032
-0.0748605
0
-0
 ---------- 
 periode -> 11
0
-0.0124975
0.879762
1.25351
0.63555
-0.024995
0
-0.0374303
0.876371
-1.2466
0.632032
-0.0748605
0
-0
 ---------- 
 periode -> 11
0
-0.0124975
0.879762
1.25351
0.63555
-0.024995
0
-0.0374303
0.876371
-1.2466
0.632032
-0.0748605
0
-0
 ---------- 
 periode -> 11
0
-0.0124975
0.879762
1.25351
0.63555
-0.024995
0
-0.0374303
0.876371
-1.2466
0.632032
-0.0748605
0
-0
 ---------- 
 periode -> 11
0
-0.0124975
0.879762
1.25351
0.63555
-0.024995
0
-0.0374303
0.876371
-1.2466
0.632032
-0.0748605
0
-0
 ---------- 
 periode -> 11
0
-0.0124975
0.879762
1.25351
0.63555
-0.024995
0
-0.0374303
0.876371
-1.2466
0.632032
-0.0748605
0
-0
 ---------- 
 periode -> 11
0
-0.0124975
0.879762
1.25351
0.63555
-0.024995
0
-0.0374303
0.876371
-1.2466
0.632032
-0.0748605
0
-0
 ---------- 
 periode -> 11
0
-0.0124975
0.879762
1.25351
0.63555
-0.024995
0
-0.0374303
0.876371
-1.2466
0.632032
-0.0748605
0
-0
 ---------- 
 periode -> 11
0
-0.0124975
0.879762
1.25351
0.63555
-0.024995
0
-0.0374303
0.876371
-1.2466
0.632032
-0.0748605
0
-0
 ---------- 
 periode -> 11
0
-0.0124975
0.879762
1.25351
0.63555
-0.024995
0
-0.0374303
0.876371
-1.2466
0.632032
-0.0748605
0
-0
 ---------- 
 periode -> 11
0
-0.0124975
0.879762
1.25351
0.63555
-0.024995
0
-0.0374303
0.876371
-1.2466
0.632032
-0.0748605
0
-0
 ---------- 
 periode -> 11
0
-0.0124975
0.879762
1.25351
0.63555
-0.024995
0
-0.0374303
0.876371
-1.2466
0.632032
-0.0748605
0
-0
 ---------- 
 periode -> 11
0
-0.0124975
0.879762
1.25351
0.63555
-0.024995
0
-0.0374303
0.876371
-1.2466
0.632032
-0.0748605
0
-0
 ---------- 
 periode -> 11
0
-0.0124975
0.879762
1.25351
0.63555
-0.024995
0
-0.0374303
0.876371
-1.2466
0.632032
-0.0748605
0
-0
 ---------- 
 periode -> 11
0
-0.0124975
0.879762
1.25351
0.63555
-0.024995
0
-0.0374303
0.876371
-1.2466
0.632032
-0.0748605
0
-0
 ---------- 
 periode -> 11
0
-0.0124975
0.879762
1.25351
0.63555
-0.024995
0
-0.0374303
0.876371
-1.2466
0.632032
-0.0748605
0
-0
 ---------- 
 periode -> 11
0
-0.0124975
0.879762
1.25351
0.63555
-0.024995
0
-0.0374303
0.876371
-1.2466
0.632032
-0.0748605
0
-0
 ---------- 
 periode -> 11
0
-0.0124975
0.879762
1.25351
0.63555
-0.024995
0
-0.0374303
0.876371
-1.2466
0.632032
-0.0748605
0
-0
 ---------- 
 periode -> 11
0
-0.0124975
0.879762
1.25351
0.63555
-0.024995
0
-0.0374303
0.876371
-1.2466
0.632032
-0.0748605
0
-0
 ---------- 
 periode -> 11
0
-0.0124975
0.879762
1.25351
0.63555
-0.024995
0
-0.0374303
0.876371
-1.2466
0.632032
-0.0748605
0
-0
 ---------- 
 periode -> 11
0
-0.0124975
0.879762
1.25351
0.63555
-0.024995
0
-0.0374303
0.876371
-1.2466
0.632032
-0.0748605
0
-0
 ---------- 
 periode -> 11
0
-0.0124975
0.879762
1.25351
0.63555
-0.024995
0
-0.0374303
0.876371
-1.2466
0.632032
-0.0748605
0
-0
 ---------- 
 periode -> 11
0
-0.0124975
0.879762
1.25351
0.63555
-0.024995
0
-0.0374303
0.876371
-1.2466
0.632032
-0.0748605
0
-0
 ---------- 
 periode -> 11
0
-0.0124975
0.879762
1.25351
0.63555
-0.024995
0
-0.0374303
0.876371
-1.2466
0.632032
-0.0748605
0
-0
 ---------- 
 periode -> 11
0
-0.0124975
0.879762
1.25351
0.63555
-0.024995
0
-0.0374303
0.876371
-1.2466
0.632032
-0.0748605
0
-0
 ---------- 
 periode -> 11
0
-0.0124975
0.879762
1.25351
0.63555
-0.024995
0
-0.0374303
0.876371
-1.2466
0.632032
-0.0748605
0
-0
 ---------- 
 periode -> 11
0
-0.0124975
0.879762
1.25351
0.63555
-0.024995
0
-0.0374303
0.876371
-1.2466
0.632032
-0.0748605
0
-0
 ---------- 
 periode -> 11
0
-0.0124975
0.879762
1.25351
0.63555
-0.024995
0
-0.0374303
0.876371
-1.2466
0.632032
-0.0748605
0
-0
 ---------- 
 periode -> 11
0
-0.0124975
0.879762
1.25351
0.63555
-0.024995
0
-0.0374303
0.876371
-1.2466
0.632032
-0.0748605
0
-0
 ---------- 
 periode -> 11
0
-0.0124975
0.879762
1.25351
0.63555
-0.024995
0
-0.0374303
0.876371
-1.2466
0.632032
-0.0748605
0
-0
 ---------- 
 periode -> 11
0
-0.0124975
0.879762
1.25351
0.63555
-0.024995
0
-0.0374303
0.876371
-1.2466
0.632032
-0.0748605
0
-0
 ---------- 
 periode -> 11
0
-0.0124975
0.879762
1.25351
0.63555
-0.024995
0
-0.0374303
0.876371
-1.2466
0.632032
-0.0748605
0
-0
 ---------- 
 periode -> 11
0
-0.0124975
0.879762
1.25351
0.63555
-0.024995
0
-0.0374303
0.876371
-1.2466
0.632032
-0.0748605
0
-0
 ---------- 
 periode -> 11
0
-0.0124975
0.879762
1.25351
0.63555
-0.024995
0
-0.0374303
0.876371
-1.2466
0.632032
-0.0748605
0
-0
 ---------- 
 periode -> 11
0
-0.0124975
0.879762
1.25351
0.63555
-0.024995
0
-0.0374303
0.876371
-1.2466
0.632032
-0.0748605
0
-0
 ---------- 
 periode -> 11
0
-0.0124975
0.879762
1.25351
0.63555
-0.024995
0
-0.0374303
0.876371
-1.2466
0.632032
-0.0748605
0
-0
 ---------- 
 periode -> 11
0
-0.0124975
0.879762
1.25351
0.63555
-0.024995
0
-0.0374303
0.876371
-1.2466
0.632032
-0.0748605
0
-0
 ---------- 
 periode -> 11
0
-0.0124975
0.879762
1.25351
0.63555
-0.024995
0
-0.0374303
0.876371
-1.2466
0.632032
-0.0748605
0
-0
 ---------- 
 periode -> 11
0
-0.0124975
0.879762
1.25351
0.63555
-0.024995
0
-0.0374303
0.876371
-1.2466
0.632032
-0.0748605
0
-0
 ---------- 
 periode -> 11
0
-0.0124975
0.879762
1.25351
0.63555
-0.024995
0
-0.0374303
0.876371
-1.2466
0.632032
-0.0748605
0
-0
 ---------- 
 periode -> 11
0
-0.0124975
0.879762
1.25351
0.63555
-0.024995
0
-0.0374303
0.876371
-1.2466
0.632032
-0.0748605
0
-0
 ---------- 
 periode -> 11
0
-0.0124975
0.879762
1.25351
0.63555
-0.024995
0
-0.0374303
0.876371
-1.2466
0.632032
-0.0748605
0
-0
 ---------- 
 periode -> 11
0
-0.0124975
0.879762
1.25351
0.63555
-0.024995
0
-0.0374303
0.876371
-1.2466
0.632032
-0.0748605
0
-0
 ---------- 
 periode -> 11
0
-0.0124975
0.879762
1.25351
0.63555
-0.024995
0
-0.0374303
0.876371
-1.2466
0.632032
-0.0748605
0
-0
 ---------- 
